3.708883419109421
11.534730484121901
19.58930084318393
21.556833337749627
18.551173102988926
26.00580934596075
20.85567976814375
27.284222442880647
27.09004581951302
19.42273244890893
21.6883679816926
26.83935281223322
9.254326602184925
11.520884230793694
10.144914787055615
12.699883233518094
11.043682910454656
11.405899611634274
35.18285983090854
5.50694577019728
7.427744304964179
35.545428546158696
11.653559275155922
33.85374103864387
6.336934412061002
34.059340814405004
35.36233286752275
35.31635481654776
36.321012775901075
5.158738399017393
37.0092294723781
36.38050153450521
35.8382285817973
37.85022688427444
37.64547240526763
8.085792265521707
35.24043008403967
35.76336579155939
35.30522903863511
33.078212576614895
34.658462276032886
4.204936630627909
33.68216381947333
34.8446272243154
3.9194999886066118
33.31792583654079
4.076924162839957
3.817194715907446
25.88353702669888
3.110690650592196
4.19728786337219
34.26083416669792
35.33768940418334
33.11211906355416
33.923587332901526
33.46307045895016
34.17542357763064
34.404688078090054
15.627580890918269
34.685141095482955
33.761457704931175
3.3679305418468086
2.5656713735270786
32.78223600562071
35.533263586458254
32.77702892803329
4.3735767693927174
34.236213547490756
4.1677740981014955
20.253825866343146
2.3486687466427902
1.5058349999157672
2.3889469281517695
2.1754217062450065
1.453839427782766
2.3714280676680577
3.2866453620100655
1.4317339120387462
2.800423595233248
34.317668402744
1.149595785672597
33.33992179956547
35.518917783635786
34.67511067918792
17.455536892633084
32.73401992255869
1.3627692673324088
2.0090901276427653
2.598197962477089
1.8723959066917706
1.8077103945715267
1.4282289466221343
2.2983414447688366
1.931198295330816
1.769404319492618
1.8938043613645261
3.0243901266405526
2.0658399502927915
34.925156516746526
34.03028649984392
35.10577034885534
34.938181006381
2.279702903103531
2.1504164255991443
1.9665668352388366
1.4601925864631715
1.110342826056776
1.6826566934869058
2.481926482843466
1.6919992106380954
35.87779193276535
34.281443679168255
35.581746817450785
